"prouzalib/qrpglesrc/#test2.rpgle.pgm" = 2024-02-19T20:34:44.966498
"prouzalib/qrpglesrc/#test3.rpgle.pgm" = 2024-02-19T20:34:45.531056
"prouzalib/qrpglesrc/$test11.rpgle.pgm" = 2024-02-19T20:34:46.121743
"prouzalib/qrpglesrc/$t§§x#y.rpgle.pgm" = 2024-02-19T20:34:46.716915
"prouzalib/qrpglesrc/errhdlrpg.rpgle.srvpgm" = 2024-02-19T20:34:47.165631
"prouzalib/qrpglesrc/test.rpgle.pgm" = 2024-02-19T20:34:47.744776
"prouzalib/qrpglesrc/§test1.rpgle.pgm" = 2024-02-19T20:34:48.326248
"prouzalib2/qrpglesrc/sqltest3.rpgle.srvpgm" = 2024-02-19T20:38:28.410672
"prouzalib/qcllesrc/testcl.clle.pgm" = 2024-02-19T20:34:44.371931
"prouzalib/qddssrc/file1.pf.file" = 2024-02-20T10:43:49.504220
"prouzalib2/qrpglesrc/sqltest1.sqlrpgle.pgm" = 2024-02-20T10:43:49.521813
"prouzalib2/qrpglesrc/sqltest2.sqlrpgle.pgm" = 2024-02-20T10:43:49.524110
"prouzalib/qsqlsrc/lager.sqltable.file" = 2024-02-20T11:08:28.426068
"prouzalib/qsqlsrc/logger.sqltable.file" = 2024-02-20T11:08:28.959007
"prouzalib/qrpglesrc/logger.sqlrpgle.srvpgm" = 2024-02-20T11:09:03.291130
"prouzalib/qsqlsrc/lager_hist.sqltable.file" = 2024-02-20T11:09:04.091313
"prouzalib/qrpglesrc/errhdlsql.sqlrpgle.srvpgm" = 2024-02-20T11:09:44.054071
"prouzalib/qrpglesrc/date.sqlrpgle.srvpgm" = 2024-02-20T11:09:54.321215
