"prouzalib/qrpglesrc/#test2.rpgle.pgm" = 2024-02-19T20:34:44.966498
"prouzalib/qrpglesrc/#test3.rpgle.pgm" = 2024-02-19T20:34:45.531056
"prouzalib/qrpglesrc/$test11.rpgle.pgm" = 2024-02-19T20:34:46.121743
"prouzalib/qrpglesrc/$t§§x#y.rpgle.pgm" = 2024-02-19T20:34:46.716915
"prouzalib/qrpglesrc/errhdlrpg.rpgle.srvpgm" = 2024-02-19T20:34:47.165631
"prouzalib/qrpglesrc/test.rpgle.pgm" = 2024-02-19T20:34:47.744776
"prouzalib/qrpglesrc/§test1.rpgle.pgm" = 2024-02-19T20:34:48.326248
"prouzalib2/qrpglesrc/sqltest3.rpgle.srvpgm" = 2024-02-19T20:38:28.410672
"prouzalib/qrpglesrc/errhdlsql.sqlrpgle.srvpgm" = 2024-02-19T20:40:40.161679
"prouzalib/qrpglesrc/testlog.rpgle.pgm" = 2024-02-19T20:40:40.551168
"prouzalib/qrpglesrc/date.sqlrpgle.srvpgm" = 2024-02-19T20:39:34.389853
"prouzalib/qrpglesrc/testmod.rpgle.srvpgm" = 2024-02-19T20:39:34.784914
"prouzalib/qcllesrc/testcl.clle.pgm" = 2024-02-19T20:34:44.371931
"prouzalib2/qrpglesrc/test.rpgle.pgm" = 2024-02-19T20:34:49.911828
"prouzalib/qrpglesrc/logger.sqlrpgle.srvpgm" = 2024-02-19T20:40:38.927437
"prouzalib2/qrpglesrc/test1.rpgle.pgm" = 2024-02-19T20:38:27.090372
"prouzalib/qsqlsrc/lager.sqltable.file" = 2024-02-19T20:40:37.392445
"prouzalib/qsqlsrc/logger.sqltable.file" = 2024-02-19T20:40:37.847889
"prouzalib2/qrpglesrc/sqlsrv1.sqlrpgle.srvpgm" = 2024-02-19T20:40:38.351001
"prouzalib/qsqlsrc/lager_hist.sqltable.file" = 2024-02-19T20:40:39.625457
