"prouzalib/qrpglesrc/#test2.rpgle.pgm" = 2024-02-16T19:42:51.049634
"prouzalib/qrpglesrc/#test3.rpgle.pgm" = 2024-02-16T19:42:51.585179
"prouzalib/qrpglesrc/$test11.rpgle.pgm" = 2024-02-16T19:42:52.108208
"prouzalib/qrpglesrc/$t§§x#y.rpgle.pgm" = 2024-02-16T19:42:52.723637
"prouzalib/qrpglesrc/errhdlrpg.rpgle.srvpgm" = 2024-02-16T19:42:53.088757
"prouzalib/qrpglesrc/test.rpgle.pgm" = 2024-02-16T19:42:53.615293
"prouzalib/qrpglesrc/§test1.rpgle.pgm" = 2024-02-16T19:42:54.178868
"prouzalib/qsqlsrc/lager.sqltable.file" = 2024-02-16T19:42:54.304255
"prouzalib/qsqlsrc/lager_hist.sqltable.file" = 2024-02-16T19:43:04.641003
"prouzalib/qsqlsrc/logger.sqltable.file" = 2024-02-16T19:43:05.123265
"prouzalib/qcllesrc/testcl.clle.pgm" = 2024-02-16T19:43:05.481668
"prouzalib2/qrpglesrc/test.rpgle.pgm" = 2024-02-16T19:43:05.601594
"prouzalib/qrpglesrc/logger.sqlrpgle.srvpgm" = 2024-02-16T19:43:19.594867
"prouzalib2/qrpglesrc/test1.rpgle.pgm" = 2024-02-16T19:43:20.120053
"prouzalib2/qrpglesrc/sqlsrv1.sqlrpgle.srvpgm" = 2024-02-16T19:43:20.596025
"prouzalib2/qrpglesrc/sqltest3.rpgle.srvpgm" = 2024-02-16T19:43:20.952952
"prouzalib/qrpglesrc/errhdlsql.sqlrpgle.srvpgm" = 2024-02-16T19:43:21.480584
"prouzalib/qrpglesrc/testlog.rpgle.pgm" = 2024-02-16T19:43:21.864699
"prouzalib/qrpglesrc/date.sqlrpgle.srvpgm" = 2024-02-16T19:43:38.595903
"prouzalib/qrpglesrc/testmod.rpgle.srvpgm" = 2024-02-16T19:43:38.973791
