"prouzalib/qrpglesrc/#test2.rpgle.pgm" = 2024-03-08T07:55:40.299605
"prouzalib/qrpglesrc/#test3.rpgle.pgm" = 2024-03-08T07:55:40.895096
"prouzalib/qrpglesrc/$test11.rpgle.pgm" = 2024-03-08T07:55:41.660390
"prouzalib/qrpglesrc/$t§§x#y.rpgle.pgm" = 2024-02-19T20:34:46.716915
"prouzalib/qrpglesrc/errhdlrpg.rpgle.srvpgm" = 2024-03-08T07:55:42.127330
"prouzalib/qrpglesrc/test.rpgle.pgm" = 2024-03-08T07:55:42.925646
"prouzalib/qrpglesrc/§test1.rpgle.pgm" = 2024-02-19T20:34:48.326248
"prouzalib2/qrpglesrc/sqltest3.rpgle.srvpgm" = 2024-03-08T08:00:38.580102
"prouzalib/qcllesrc/testcl.clle.pgm" = 2024-03-08T08:00:38.058436
"prouzalib/qddssrc/file1.pf.file" = 2024-03-08T08:00:38.061447
"prouzalib2/qrpglesrc/sqltest1.sqlrpgle.pgm" = 2024-03-08T08:00:38.583327
"prouzalib2/qrpglesrc/sqltest2.sqlrpgle.pgm" = 2024-03-08T08:00:38.064204
"prouzalib/qsqlsrc/lager.sqltable.file" = 2024-03-08T07:57:26.156195
"prouzalib/qsqlsrc/logger.sqltable.file" = 2024-03-08T07:57:26.672338
"prouzalib/qrpglesrc/logger.sqlrpgle.srvpgm" = 2024-03-08T09:53:35.116739
"prouzalib/qsqlsrc/lager_hist.sqltable.file" = 2024-03-08T08:00:37.547441
"prouzalib/qrpglesrc/errhdlsql.sqlrpgle.srvpgm" = 2024-03-08T09:53:36.274196
"prouzalib/qrpglesrc/date.sqlrpgle.srvpgm" = 2024-03-08T09:53:40.802937
"prouzalib2/qrpglesrc/sqlsrv1.sqlrpgle.srvpgm" = 2024-03-08T07:57:27.217497
"prouzalib2/qrpglesrc/test.rpgle.pgm" = 2024-03-08T08:00:35.797058
"prouzalib2/qrpglesrc/test1.rpgle.pgm" = 2024-03-08T08:00:36.454177
"prouzalib/qrpglesrc/errhdlsqlp.sqlrpgle.pgm" = 2024-03-08T09:53:37.420280
"prouzalib/qrpglesrc/testlog.rpgle.pgm" = 2024-03-08T09:53:38.300076
"prouzalib/qrpglesrc/testmod.rpgle.srvpgm" = 2024-03-08T10:01:37.007910
"prouzalib/qrpglesrc/cpysrc2ifs.sqlrpgle.pgm" = 2024-03-08T09:53:42.780643
"prouzalib/qrpglesrc/testlog2.sqlrpgle.pgm" = 2024-03-08T10:01:37.838816
"prouzalib/qrpglesrc/testsqlerr.sqlrpgle.pgm" = 2024-03-08T09:53:43.796082
